File PDB Lig iFull Full7 iFull5 blFull4 blFull2 bliFull6 Full5 iFull4 Full4 iFull1 Full3 iFull6 blFull3 blFull blFull1 bliFull2 bliFull1 Full2 blFull5 Full6 bliFull blFull7 bliFull7 blFull6 bliFull4 bliFull5 iFull7 iFull3 Full1 iFull2 bliFull3 Full
pdb/renum/1F88/1F88_A_holo.pdb 1F88 1F88 inverse_agonist 9.53495391428572 5.77131084615385 10.1913078 -0.231878291666667 -0.1146741 -0.0752065999999996 6.26606768571429 9.0038026 5.32127795833333 11.5818412 4.71733636111111 20.429061 -0.80562475 -0.488841418181818 -0.15574521875 -0.0173228000000002 -0.0959344000000003 3.50887406666667 -0.446103514285714 7.12133556756757 -0.0582642857142857 -1.06318080769231 -0.0340708000000001 -0.575598594594594 -0.0787643999999997 -0.0551142 4.7466228 6.7852686 6.63315946875 4.0067734 -0.0514368000000001 5.67235441818182
pdb/renum/1GZM/1GZM_A_holo.pdb 1GZM 1GZM inverse_agonist 12.5628628 5.7776705 25.2811568 -0.264917041666667 -0.129502166666667 -0.0977141999999993 8.99059202631579 10.0105652 5.64573645833333 12.1706906 4.99656652777778 23.8462454 -0.899739361111111 -0.535844683035714 -0.171368875 -0.020186 -0.1151496 3.7045793 -0.514547210526316 7.81171621052631 -0.0876817999999999 -0.970590038461538 -0.0437878 -0.713778394736842 -0.0996266000000002 -0.167822199999999 4.8942232 7.513752 6.8091129375 4.2234064 -0.0694862000000001 6.39781343303572
pdb/renum/1HZX/1HZX_A_holo.pdb 1HZX 1HZX inverse_agonist 8.51141825714286 6.08883142307692 9.0079828 -0.207200791666667 -0.124456833333333 -0.055165200000001 6.03672768571429 9.6305226 5.43384295833333 11.4585044 4.81427794444444 13.5585432 -0.762717416666667 -0.419974555045872 -0.12795078125 -0.0138102 -0.0767546000000003 3.52066336666667 -0.382840371428571 6.03127882857143 -0.0488580285714288 -0.756333923076923 -0.0255209999999997 -0.520902342857143 -0.0675112000000004 -0.0521304000000002 4.7908534 6.9875136 6.4606321875 4.1460078 -0.0511136000000001 5.48979914220183
pdb/renum/1L9H/1L9H_A_holo.pdb 1L9H 1L9H inverse_agonist 8.7213132 6.61387661538461 9.9981394 -0.0700870416666666 -0.0337325666666668 -0.0488412000000002 6.2224572 10.2195996 5.625502875 11.6779754 5.26367572222222 13.7765904 -0.252806361111111 -0.22312630733945 -0.090492625 -0.0128002 -0.0691734000000002 3.52588813333333 -0.451738885714286 6.15266154285714 -0.055699142857143 -0.203080538461539 -0.0522872 -0.3674206 -0.0643877999999996 -0.0613610000000008 4.796894 6.4839702 6.4250465625 4.0960234 -0.0810432000000002 5.69253429816514
pdb/renum/1U19/1U19_A_holo.pdb 1U19 1U19 inverse_agonist 10.0466046857143 5.85309211538462 14.1455386 -0.276236916666667 -0.137128633333333 -0.0857997999999998 6.67251139473684 9.5013228 5.419360375 12.4774212 4.74223975 18.3014696 -0.998140472222222 -0.560905504464285 -0.166742875 -0.0217476 -0.1081594 3.61706056666667 -0.506213394736842 6.62972173684211 -0.0722064285714285 -1.03849392307692 -0.0424538000000001 -0.720881789473684 -0.0967743999999996 -0.0952556000000003 4.9731382 6.5815034 6.8725534375 4.345839 -0.0552543999999999 5.74501812946429
pdb/renum/2G87/2G87_A_holo.pdb 2G87 2G87 agonist 10.0957848 5.76346234615384 14.544223 -0.256926958333333 -0.119270466666667 -0.0663 6.75519878947369 9.666011 5.51025054166667 12.3959948 5.01344719444444 18.084145 -0.756092277777778 -0.500483455357143 -0.15403390625 -0.0197897999999998 -0.0997840000000002 3.63988643333333 -0.467645394736842 6.67644557894737 -0.0624554285714285 -1.12067096153846 -0.0372160000000002 -0.613356736842105 -0.0831957999999997 -0.084139 4.9745392 6.6392138 6.8835581875 4.3663668 -0.0467633999999999 5.81452265178571
pdb/renum/2HPY/2HPY_A_holo.pdb 2HPY 2HPY agonist 10.0236427714286 5.99192807692308 13.5596274 -0.274706333333333 -0.144813133333333 -0.0707788000000004 6.86353478947368 10.034001 5.82079291666667 12.5296236 5.33241213888889 18.0468176 -0.799823777777778 -0.540357151785715 -0.18060209375 -0.0249650000000001 -0.1210078 3.78578783333333 -0.530078342105263 6.88933584210526 -0.0716398285714286 -1.17218111538462 -0.0465174 -0.655527552631579 -0.0948864000000002 -0.0871183999999996 4.8777768 6.707048 7.0745456875 4.410605 -0.0562050000000001 6.02689365178572
pdb/renum/2I35/2I35_A_holo.pdb 2I35 2I35 inverse_agonist 12.3580516857143 6.49465753846154 22.7116478 -0.097858875 -0.0659548999999999 -0.0849079999999994 8.47239510526316 11.4685576 6.11722925 13.1563908 5.67847002777778 22.5182036 -0.301879083333333 -0.306690491071428 -0.153781375 -0.0199494 -0.1447864 3.68982206666667 -0.575081210526316 7.79884452631579 -0.114072342857143 -0.263379307692308 -0.0823446 -0.523205552631579 -0.0680153999999998 -0.2952072 4.8305556 7.3062384 7.20454025 4.514768 -0.1032954 6.60556506696429
pdb/renum/2J4Y/2J4Y_A_holo.pdb 2J4Y 2J4Y inverse_agonist 11.6691662857143 6.10041842307692 20.746642 -0.21387125 -0.0933315666666666 -0.0672699999999992 7.82393078947368 11.1133986 5.99011933333333 13.462075 5.42629266666667 20.4459756 -0.828755722222222 -0.432246392857143 -0.1453928125 -0.0178266000000001 -0.1140246 3.9572473 -0.367629736842105 7.5283892631579 -0.064792657142857 -0.876693307692308 -0.0330022000000001 -0.464173763157895 -0.0782019999999999 -0.098133 5.139449 6.132212 7.3414729375 4.6444118 -0.0450901999999997 6.40514729464286
pdb/renum/2PED/2PED_A_holo.pdb 2PED 2PED inverse_agonist 10.1061747142857 6.60862580769231 14.8779102 -0.0829672916666666 -0.0433699 -0.0545522000000005 6.76339739473684 10.0383368 5.81589029166667 12.4373132 5.47479858333333 17.8901852 -0.289242888888889 -0.237708955357143 -0.0997475625000001 -0.0164382 -0.0749500000000007 3.72540986666667 -0.410003105263158 6.79979673684211 -0.0562030571428573 -0.238413192307692 -0.0514964000000002 -0.3834465 -0.0736931999999999 -0.0507169999999997 4.7469384 6.5035126 6.97374309375 4.2490266 -0.0715743999999999 6.06616892410714
pdb/renum/2RH1/2RH1_A_holo.pdb 2RH1 2RH1 inverse_agonist 10.9184951714286 6.38174258333333 10.2108788 -0.167362 -0.0566403333333333 -0.0483227999999997 5.2942606969697 10.6712144 5.97389457692308 12.7535934 5.44033413888889 22.7000146 -0.433939527777778 -0.379977248826291 -0.0764935806451612 -0.0240110000000002 -0.0560701999999996 3.88642653333333 -0.898264606060606 6.90116196969697 -0.0476359142857141 -0.582449875 -0.0308903999999999 -0.402117545454545 -0.0884938 -0.0557545999999999 5.2645704 9.5873876 9.506891 5.241807 -0.0299085999999997 6.18821819248826
pdb/renum/2VT4/2VT4_B_holo.pdb 2VT4 2VT4 antagonist 9.87755377142857 6.80383233333333 13.4288126 -0.144413692307692 -0.0524018333333333 -0.0388679999999999 6.42322175757576 10.7280112 5.94864273076923 13.5385758 6.03314938888889 10.0134764 -0.475578777777778 -0.439066956097561 -0.0705270344827587 -0.0184227999999999 -0.0359765999999999 4.0649269 -1.21417003030303 4.99317237037037 -0.0417698571428572 -0.447486875 -0.0297685999999999 -0.544759222222222 -0.0634262000000001 -0.0664108000000009 5.1740348 10.7109988 8.9594625862069 5.5489668 -0.0395159999999997 6.1644110195122
pdb/renum/2X72/2X72_A_holo.pdb 2X72 2X72 agonist 13.0024567428571 8.91298042307692 15.0771084 -0.106910208333333 -0.0488093333333334 -0.123462 6.80127534210526 10.7100908 6.49118041666667 18.016757 7.25488786111111 25.6036292 -0.427022111111111 -0.342871200892857 -0.0923518750000001 -0.0226783999999999 -0.1041734 5.38036913333333 -0.648405973684211 8.70432315789474 -0.0714671142857142 -0.435135884615385 -0.0389920000000002 -0.486631789473684 -0.0493613999999996 -0.1046198 4.8764856 8.1176708 8.9512413125 8.6154554 -0.0569827999999999 7.52573804910715
pdb/renum/2Y02/2Y02_B_holo.pdb 2Y02 2Y02 agonist 17.6928426285714 6.85879075 19.2588294 -0.189351884615385 -0.1175884 -0.0962700000000027 7.12879575675676 13.2892804 6.90266696153846 15.4707202 6.27211038888889 51.9602154 -0.470795 -0.422554360869565 -0.172540714285714 -0.0260514000000001 -0.0581766000000005 4.51438716666667 -0.740049567567567 12.5566118095238 -0.0548648571428575 -0.965544416666667 -0.0284363999999998 -0.361768023809524 -0.0848660000000006 -0.0634919999999994 6.2519296 10.6200912 12.9647092857143 6.9988322 -0.0267615999999997 8.47919944347826
pdb/renum/2Y03/2Y03_B_holo.pdb 2Y03 2Y03 agonist 18.3354511142857 7.77476995833333 19.5948656 -0.146332384615385 -0.0389113333333333 -0.0750220000000041 7.66487208108108 13.3812186 7.06449961538461 16.0035144 6.42500633333333 55.3144384 -0.423689083333333 -0.222374982608696 -0.0443727999999995 -0.0303698000000002 -0.0477361999999992 4.66575626666667 -0.418448378378378 13.277920952381 -0.0494242571428577 -0.149875041666667 -0.0152590000000004 -0.244971857142858 -0.1011918 -0.0589007999999993 6.4684476 10.4767518 13.5921427428571 7.1089214 -0.0174901999999999 8.95018403478261
pdb/renum/2YCW/2YCW_A_holo.pdb 2YCW 2YCW inverse_agonist 12.5570900571429 7.064226125 21.3216952 -0.196620923076923 -0.0609049 -0.0567564000000008 7.44160245945946 12.2789692 6.56103407692308 14.4668976 5.91322888888889 19.9503724 -0.494055305555555 -0.35814664 -0.0761585714285716 -0.0260528 -0.0593356000000004 4.24920933333333 -0.83656872972973 7.06213227027027 -0.0494234571428574 -0.403521875 -0.0215208000000001 -0.339313351351351 -0.0834309999999999 -0.077274000000001 5.5508108 8.1104576 12.5206674 6.2204276 -0.0215935999999997 7.35707723111111
pdb/renum/2YCX/2YCX_A_holo.pdb 2YCX 2YCX antagonist 12.1896334571429 6.74648504166667 20.9595852 -0.205566653846154 -0.0705278666666667 -0.0680353999999987 7.53224702702703 11.5442012 6.40565430769231 13.8974344 6.16699744444444 19.585957 -0.448875388888889 -0.294476401826484 -0.0658591724137932 -0.0304082000000001 -0.0633597999999996 4.36805653333333 -0.542547189189189 6.924213 -0.0651425428571425 -0.399216833333333 -0.0307672 -0.251483324324324 -0.1222966 -0.120179599999999 5.872358 7.8109764 9.77886913793104 5.656922 -0.0209509999999996 6.84928074429224
pdb/renum/2YCY/2YCY_A_holo.pdb 2YCY 2YCY antagonist 14.1271543428571 6.45914275 12.2610168 -0.239833153846154 -0.209054333333333 -0.1252504 6.28220782352941 12.4142584 6.93659523076923 15.8503544 6.17012947222222 35.5950284 -1.31951752777778 -0.534584581395349 -0.110886892857143 -0.0311657999999999 -0.0560294000000006 4.78839636666667 -0.61657544117647 9.66270424324324 -0.0655215714285714 -0.673752208333333 -0.0250511999999999 -0.396954351351351 -0.1030832 -0.0674498 5.2943042 11.1042292 11.8346832142857 6.370889 -0.0506212 7.45876142790698
pdb/renum/2YCZ/2YCZ_B_holo.pdb 2YCZ 2YCZ antagonist 12.8792437142857 6.798165375 20.0105858 -0.178098230769231 -0.0731566333333333 -0.0564709999999995 7.47515835135135 13.218793 6.85853819230769 14.62014 5.98040702777778 21.7041384 -0.402756333333333 -0.292080547945205 -0.0684664137931034 -0.0303790000000001 -0.0595266000000002 4.5090959 -0.485462621621622 7.35502864864865 -0.0573266857142858 -0.504641791666666 -0.0240939999999995 -0.286003054054054 -0.115247400000001 -0.0909604000000012 5.7069306 8.5872238 9.97018293103448 6.3068944 -0.0246083999999996 6.9858343196347
pdb/renum/2YDO/2YDO_A_holo.pdb 2YDO 2YDO agonist 10.3523499428571 4.90418161538462 19.0712034 -0.0432678333333333 -0.1893162 -0.0534041999999999 6.00681026315789 11.7037608 5.814038375 13.9990634 5.37284355555556 8.5444534 -0.117986222222222 -0.231464057142857 -0.0727287407407408 -0.00759399999999992 -0.0185152000000002 4.1100023 -0.30794702631579 4.14607286206896 -0.0298171428571429 -0.558592730769231 -0.0228349999999998 -0.325964137931034 -0.0282434 -0.0633404000000006 4.6157766 7.895655 5.72336407407407 6.636537 -0.0147878 5.17520863333333
pdb/renum/2YDV/2YDV_A_holo.pdb 2YDV 2YDV agonist 11.5862135428571 5.315619 26.5485754 -0.0723508749999999 -0.0936919666666667 -0.0423372000000002 7.2082148 12.2318726 6.06697704166667 14.202868 5.44633191666667 8.244919 -0.210457333333333 -0.191391553488372 -0.0703002333333334 -0.0170409999999999 -0.0199513999999997 4.12964836666667 -0.276214325 4.25188889655172 -0.0408708857142857 -0.317070269230769 -0.0188086000000001 -0.262901137931035 -0.0521261999999993 -0.1204156 4.7801698 8.0685842 5.9380058 7.0265058 -0.0154162000000001 5.55136970697674
pdb/renum/2Z73/2Z73_A_holo.pdb 2Z73 2Z73 inverse_agonist 17.0155751428571 6.87061026923077 35.4644772 -0.210035083333333 -0.18099865625 -0.142245 11.0759048913043 11.80328 6.38093745833333 13.5467492 5.86969694444444 35.5567254 -0.901888666666667 -0.3976991625 -0.1299135 -0.0341976000000001 -0.0966479999999997 5.37676540625 -0.266793521739131 10.0951102045455 -0.0772799999999999 -0.749046115384615 -0.0633925999999995 -0.369138068181818 -0.0789919999999995 -0.104940400000001 7.9984542 5.945273 7.0632718125 8.794067 -0.0205444 7.89518800416666
pdb/renum/2ZIY/2ZIY_A_holo.pdb 2ZIY 2ZIY inverse_agonist 18.9791415142857 7.28645765384616 41.1035318 -0.223126291666667 -0.193824125 -0.133264399999999 12.3485165652174 11.9648084 6.68015816666667 14.5724278 6.03481736111111 40.4737362 -0.779975361111112 -0.390932541666666 -0.13290971875 -0.0372388000000003 -0.0931472000000003 5.6545125625 -0.318885239130435 11.2858218636364 -0.0794081714285716 -0.751721884615384 -0.0814277999999998 -0.357288477272727 -0.0884119999999999 -0.0945386000000013 8.7833062 6.4866652 7.6087249375 9.469515 -0.0278283999999999 8.56690268333333
pdb/renum/3AYM/3AYM_A_holo.pdb 3AYM 3AYM agonist 16.9550209142857 6.83600957692308 35.130838 -0.190303791666667 -0.1579149375 -0.130931199999999 11.057472826087 11.7431272 6.37847225 13.4383614 5.97565036111111 35.7029336 -0.808472638888889 -0.363752529166667 -0.1212846875 -0.0309887999999995 -0.0885420000000003 5.38427428125 -0.239060347826087 10.1296390909091 -0.0715584000000002 -0.735421 -0.0582669999999997 -0.331277068181818 -0.0713023999999997 -0.100497400000003 7.9619332 5.9259462 7.02539859375 8.7820068 -0.0203800000000001 7.90583499166666
pdb/renum/3AYN/3AYN_A_holo.pdb 3AYN 3AYN inverse_agonist 17.269406 6.80757703846154 36.7445952 -0.218818458333333 -0.1788136875 -0.1428118 11.271536326087 11.7721128 6.375310625 13.5196722 5.92228238888889 36.2499848 -0.837426638888889 -0.3973635 -0.12940090625 -0.0353729999999997 -0.0964502 5.3765380625 -0.280036869565217 10.1993152272727 -0.0777782000000001 -0.800490615384616 -0.0648734000000001 -0.372975431818182 -0.0832299999999995 -0.100892000000001 7.938783 5.9383772 7.05040234375 8.7223168 -0.0208170000000001 7.950538575
pdb/renum/3C9L/3C9L_A_holo.pdb 3C9L 3C9L inverse_agonist 12.5071337142857 6.51497692307692 25.0214704 -0.0721535833333333 -0.0396179666666666 -0.1009174 8.98991755263158 10.020202 5.827940375 12.1521204 5.60007455555556 23.8366108 -0.280839361111111 -0.261698214285714 -0.11871515625 -0.0193308 -0.0947282000000003 3.79029793333333 -0.49474002631579 8.05449692105263 -0.101532314285714 -0.221253692307692 -0.0672184000000002 -0.453640947368421 -0.0641862 -0.265284 4.8520366 7.4469882 6.8423565 4.2205076 -0.0990612 6.65720870089286
pdb/renum/3C9M/3C9M_A_holo.pdb 3C9M 3C9M inverse_agonist 11.6966987428571 6.70780811538461 20.7411306 -0.09364075 -0.0409107333333333 -0.0763424000000008 7.75336836842105 12.6329882 6.493751125 13.1950486 5.86264941666667 18.9627128 -0.353917222222222 -0.277735933035714 -0.11410828125 -0.0191182000000001 -0.1083652 4.02189026666667 -0.469039342105263 7.40231547368421 -0.0795512285714286 -0.250351307692308 -0.0729686000000002 -0.474027236842105 -0.0846739999999999 -0.1212922 5.0881268 6.461477 7.15952 4.7954072 -0.0740979999999999 6.54904353125
pdb/renum/3D4S/3D4S_A_holo.pdb 3D4S 3D4S inverse_agonist 10.8475072 5.65075095833333 9.9285774 -0.151844884615385 -0.0626626 -0.0521623999999992 5.133627 10.8462988 6.05740203846154 12.4782976 5.27457444444445 22.781615 -0.451307527777778 -0.388533666666667 -0.0859150714285715 -0.0194896000000001 -0.0597156000000002 3.8687964 -0.672119696969697 6.76287454545454 -0.0487330285714285 -0.856547916666667 -0.0336480000000001 -0.435588848484848 -0.0811862000000003 -0.0547903999999997 5.0111226 9.6949802 8.20077078571429 5.1916588 -0.0401389999999997 5.81554848095238
pdb/renum/3EML/3EML_A_holo.pdb 3EML 3EML antagonist 10.4274730285714 5.68077426923077 11.0046056 -0.0382272916666667 -0.1135265 -0.0330305999999997 5.33307767647059 13.0477242 6.39505083333333 14.6422618 5.47876286111111 13.4298834 -0.0178973888888889 -0.242457127962085 -0.0709688333333336 -0.00235620000000027 -0.0125546000000011 4.39631686666667 -0.160067470588235 5.52779038709677 -0.0154254571428574 -1.17966019230769 -0.01894 -0.256399161290323 -0.0223874000000002 -0.0114124000000004 6.6087788 8.1303826 6.95034346666667 6.1286748 -0.00729699999999998 5.6469325450237
pdb/renum/3NY8/3NY8_A_holo.pdb 3NY8 3NY8 inverse_agonist 11.3001914857143 6.119702375 10.7035354 -0.203977692307692 -0.0715634666666666 -0.066671400000001 5.59552718181818 10.830114 6.36083465384615 13.1136766 5.53755077777778 23.5760234 -0.516558722222222 -0.455481128571429 -0.0958891428571429 -0.0299510000000002 -0.0725061999999999 4.04839516666667 -0.823296151515152 7.1190833030303 -0.0668119142857147 -0.934697375 -0.0462392000000001 -0.524793727272727 -0.1223718 -0.0797082000000005 5.3708464 10.1965974 8.524046 5.3105472 -0.0502356000000006 6.14911273809524
pdb/renum/3NY9/3NY9_A_holo.pdb 3NY9 3NY9 inverse_agonist 11.0348106 5.85729375 10.072455 -0.126859461538462 -0.0531022666666667 -0.0431360000000012 5.35751678787879 11.0651086 6.45454511538462 12.9766996 5.50963527777778 22.6700546 -0.470161472222222 -0.458516942857143 -0.0813634285714283 -0.0152614000000001 -0.0613999999999992 3.929747 -0.870120909090909 6.93196154545454 -0.0444851142857143 -1.124298125 -0.0417937999999998 -0.499879090909091 -0.0619876000000001 -0.0467831999999998 5.2424936 9.7666604 8.07567021428572 5.4502024 -0.0410338000000001 5.98240025714286
pdb/renum/3NYA/3NYA_A_holo.pdb 3NYA 3NYA antagonist 11.0310533142857 6.028826875 10.2735338 -0.233410076923077 -0.0685052 -0.0656647999999997 5.52608581818182 11.027584 6.33334669230769 13.201903 5.48982405555556 22.4071546 -0.407048805555556 -0.413911495238095 -0.08767525 -0.0316553999999996 -0.0752070000000003 3.900563 -0.810977242424242 7.03642793939394 -0.0682535142857142 -0.907911583333333 -0.0286876000000001 -0.398085 -0.1309832 -0.0984580000000001 5.1440544 9.9429616 8.37636871428571 5.2201818 -0.0471185999999996 6.06243187142857
pdb/renum/3OAX/3OAX_A_holo.pdb 3OAX 3OAX inverse_agonist 10.3636809142857 5.83071134615385 15.90245 -0.218521541666667 -0.0965103 -0.0489132000000001 7.03443289473684 10.2765444 5.62684379166667 12.166281 5.07173633333333 18.3756708 -0.700742638888889 -0.43384775 -0.129411125 -0.0163472000000001 -0.0872307999999997 3.65253796666667 -0.401960552631579 6.80883492105263 -0.0541765142857145 -0.963394346153846 -0.0266391999999999 -0.50924802631579 -0.0747554000000004 -0.082557400000001 4.8151468 6.7972674 6.784643375 4.212406 -0.0427924000000001 5.9015810625
pdb/renum/3ODU/3ODU_A_holo.pdb 3ODU 3ODU antagonist 7.84268342857143 7.62584171875 10.3489192 -0.255536576923077 -0.407384066666667 -0.0283377999999997 8.58527785294118 6.8514774 5.13635469230769 7.9039708 4.86228272222222 9.5143556 -0.451872888888889 -0.360368092105263 -0.572711638888888 -0.0140083999999998 -0.0231385999999995 3.8530871 -0.165495205882353 6.45280358823529 -0.0364313428571427 -0.49064415625 -0.0250004000000003 -0.149587029411765 -0.0642473999999996 -0.0464503999999998 7.800041 7.7224294 5.61934825 4.7575906 -0.0538363999999998 6.06051865789474
pdb/renum/3OE6/3OE6_A_holo.pdb 3OE6 3OE6 antagonist 8.06665202857143 10.5767469375 9.8279994 -0.0909044999999998 -0.686962833333333 -0.00974900000000005 9.1912459375 7.066041 5.48927719230769 11.2861352 5.42137752777778 6.8925952 -0.166395611111111 -0.218062344186047 -0.303390333333333 -0.00951060000000021 -0.0945711999999997 4.15589756666667 -0.01727271875 7.03030217241379 -0.0258353999999999 -0.17515315625 -0.0267927999999996 -0.0917731724137931 -0.0219197999999999 -0.00378300000000014 7.3100494 9.092332 5.3831605 4.991412 -0.0145214000000001 6.7931026744186
pdb/renum/3OE8/3OE8_A_holo.pdb 3OE8 3OE8 antagonist 8.32990805714286 8.00696653333334 12.4053468 -0.141538692307692 -0.367517333333333 -0.0091818 6.50407017142857 7.1784196 5.25285819230769 10.208057 4.96834341666667 11.4936744 -0.31054725 -0.190897352941176 -0.0412608666666666 -0.00398380000000014 -0.0226883999999997 4.5230661 -0.0901161428571428 5.63211147058824 -0.0110075142857143 -0.337788566666667 -0.00504840000000009 -0.0522805882352942 -0.0144220000000001 -0.0124214000000002 3.830167 7.9952328 5.25810456666667 5.1984588 -0.0093067999999997 5.73852053393665
pdb/renum/3OE9/3OE9_A_holo.pdb 3OE9 3OE9 antagonist 9.2977482 9.79836422222222 14.4781152 -0.175538692307692 -0.771554833333333 -0.0211729999999998 10.6527399705882 7.6386658 5.86328088461539 12.3307714 5.69206008333333 8.8156128 -0.490758805555556 -0.370306900943396 -0.270094566666667 -0.0175436000000001 -0.115380400000001 4.49904786666667 -0.1304025 9.83392065517241 -0.0464312285714286 -0.524542074074074 -0.02617 -0.221653 -0.0279295999999997 -0.0516677999999994 4.6924132 10.8237596 5.7147724 6.3048994 -0.0651542000000001 7.43257908490566
pdb/renum/3P0G/3P0G_A_holo.pdb 3P0G 3P0G 0agonist_g 13.0862078285714 6.14810575 10.2105118 -0.165775269230769 -0.1055001 -0.201316600000001 5.74593116666667 12.865562 6.19985038461538 12.9478734 6.69117891666667 29.2837362 -0.505166166666667 -0.522062349282297 -0.205334083333333 -0.0341168000000001 -0.0239020000000005 4.07420623333333 -1.21569646666667 9.43738662962963 -0.0748272857142859 -1.23017558333333 -0.0195288 -0.372694592592593 -0.1017228 -0.0883718000000002 4.393267 15.9062556 14.1817533611111 5.9962488 -0.0548322000000006 7.70138646411484
pdb/renum/3PBL/3PBL_A_holo.pdb 3PBL 3PBL antagonist 11.9076258857143 6.53340588461538 21.2744408 -0.0815089615384616 -0.160458266666667 -0.0376541999999997 7.1892512 15.9966424 6.94235103846154 12.4776536 5.42805172222222 14.55556 -0.401456416666667 -0.347334716346154 -0.0531167916666667 -0.00972399999999984 -0.0233294000000001 4.47614206666667 -0.678627171428572 5.60058190322581 -0.0408679714285715 -0.479173884615385 -0.0410946 -0.431449483870968 -0.0459066 -0.0956768000000014 6.0590476 7.7310936 6.12340033333333 5.2589432 -0.0326901999999997 6.02051559134615
pdb/renum/3PDS/3PDS_A_holo.pdb 3PDS 3PDS agonist 11.4507544571429 5.152892125 11.0977894 -0.165374384615385 -0.348324433333333 -0.106991400000001 5.868642 11.744304 6.26930611538462 12.6995506 5.34957305555556 23.619926 -0.504973416666666 -0.545896300469484 -0.226366419354839 -0.0261973999999999 -0.0573169999999999 3.76684866666667 -0.528075333333333 7.35932121212121 -0.0688859428571432 -2.01104966666667 -0.0528378000000002 -0.322374696969697 -0.0909346000000003 -0.0785108000000006 5.1643872 9.9708514 10.2167081290323 5.8584726 -0.0694125999999999 6.31691172769953
pdb/renum/3PQR/3PQR_A_holo.pdb 3PQR 3PQR agonist 12.4997619142857 8.68078323076923 14.4440092 -0.127515625 -0.0443453 -0.1239706 6.47452618421053 10.19879 6.14426425 17.666906 7.31043536111111 24.1306032 -0.168719305555555 -0.286275066964286 -0.0827646250000001 -0.0375948000000003 -0.109772 5.1279135 -0.615228842105263 8.28664910526316 -0.0736433428571428 -0.358770384615385 -0.036985 -0.481731368421053 -0.0595220000000001 -0.0977827999999995 4.7817068 7.9985858 8.3616195625 8.2777324 -0.0498761999999999 7.22621549553572
pdb/renum/3PWH/3PWH_A_holo.pdb 3PWH 3PWH inverse_agonist 12.8355803428571 6.15976142307692 17.4811542 -0.103674083333333 -0.727672333333333 -0.0692566000000003 6.17885895 13.3432088 6.47638029166667 16.6167558 5.50827644444444 20.574741 -0.0460608333333334 -0.376197036036036 -0.0990846153846153 -0.0260498000000002 -0.1120092 4.5889333 -0.2092248 6.714573125 -0.0572649142857143 -1.23756411538462 -0.0689686000000002 -0.360433625 -0.0652985999999995 -0.0516579999999998 6.9981292 7.3502332 7.07889980769231 7.4848402 -0.00761360000000018 6.08712411261261
pdb/renum/3PXO/3PXO_A_holo.pdb 3PXO 3PXO agonist 12.7095161142857 8.80116696153846 14.8603822 -0.132037541666667 -0.0448472333333333 -0.122219399999999 6.57387844736842 10.07555 6.19676266666667 17.9311246 7.39226425 25.8832196 -0.190815027777778 -0.296342245535714 -0.08299725 -0.0387004000000003 -0.109981000000001 5.05942483333333 -0.62768797368421 8.63228994736842 -0.0743323428571429 -0.358733307692308 -0.0369512000000001 -0.504260078947368 -0.0626344000000003 -0.0979194 4.8784678 7.7332238 8.477581 7.6046448 -0.0519205999999997 7.34184774107143
pdb/renum/3QAK/3QAK_A_holo.pdb 3QAK 3QAK agonist 9.34002165714286 5.08796546153846 8.0321142 -0.0275348333333331 -0.218889533333333 -0.0378862000000003 4.74104364705882 13.6977332 6.3923005 13.7258074 5.28641472222222 12.241229 -0.0362991111111112 -0.205663478672986 -0.0430233333333331 0.00124019999999971 0.00651380000000081 3.92653846666667 -0.167133647058824 4.99288119354839 -0.0110325714285714 -0.806520230769231 -0.0119836000000002 -0.223159161290323 -0.00445899999999959 -0.0227921999999998 4.7321928 6.9166004 6.65320973333333 6.0344746 -0.00786100000000047 5.25772744549763
pdb/renum/3REY/3REY_A_holo.pdb 3REY 3REY antagonist 12.3977036 6.60723269230769 16.9378856 -0.0402591666666666 -0.199469166666667 0.015988599999999 6.2431747 12.9415888 6.47729325 16.1657042 5.43041652777778 19.5634048 -0.0893977777777779 -0.251751675675676 -0.148100615384615 -0.0114901999999999 -0.0607337999999999 5.06891813333333 -0.0815070999999999 6.66361835 -0.00652277142857161 -1.35108153846154 -0.00725699999999998 -0.0870309250000001 -0.0166471999999999 0.0271177999999999 6.8272994 7.1674978 6.58244215384615 7.1805446 0.00736239999999952 6.13612993243243
pdb/renum/3RFM/3RFM_A_holo.pdb 3RFM 3RFM antagonist 12.7789116 6.75207084615385 17.0853936 -0.0936838750000001 -0.4855594 -0.0635375999999997 6.2484421 13.4794796 6.58568779166667 16.6458796 5.71226844444444 20.373695 -0.0980230833333333 -0.379357716216216 -0.0966562307692307 -0.0215194 -0.0937639999999995 4.95315066666667 -0.208466425 6.74740465 -0.0509482285714285 -1.59798923076923 -0.0634763999999997 -0.2868487 -0.0538714000000002 -0.0523064000000002 6.9514178 7.467753 6.86109307692308 7.4487626 -0.00816239999999997 6.24355325675676
pdb/renum/3RZE/3RZE_A_holo.pdb 3RZE 3RZE antagonist 10.5539116571429 5.4076135 14.3532464 -0.386617625 -0.174099433333333 -0.0673854000000002 6.82997588235294 13.2519276 7.087932875 14.235804 5.53729269444444 11.3865636 -0.355213694444444 -0.500954645933014 -0.15624623076923 -0.0684442000000001 -0.0764767999999988 4.14909743333333 -0.716297705882353 5.22717751515151 -0.0925949714285714 -1.10661084615385 -0.0355168000000001 -0.612776242424242 -0.2206184 -0.1160274 4.836945 8.7197642 6.79049246153846 7.0931308 -0.0636958000000002 5.81718967464115
pdb/renum/3SN6/3SN6_R_holo.pdb 3SN6 3SN6 agonist 16.9068920571429 4.923683375 44.4789414 -0.174099884615385 -0.205953033333333 -0.1195982 11.0286088571429 14.6379382 7.20790284615385 14.6294898 6.31838063888889 19.622622 -0.814011055555556 -0.54186703652968 -0.239578766666667 -0.0544948000000002 -0.059580200000001 4.6371831 -0.416982785714286 7.22803458064516 -0.105781028571429 -1.85720366666667 -0.0402929999999998 -0.302766677419355 -0.1234476 -0.312355399999998 4.8751234 10.7931482 9.63034343333334 9.3109814 -0.0306980000000006 7.52663021917808
pdb/renum/3UON/3UON_A_holo.pdb 3UON 3UON antagonist 15.6485837714286 5.75415 26.9587346 -0.513871866666667 -0.141018466666667 -0.241591000000001 10.3049858181818 10.4847116 9.59455336666667 12.8490206 6.92680072222223 34.7146158 -0.409991638888889 -0.483782862385321 -0.155415033333334 -0.0411995999999999 -0.0699434000000005 4.4548185 -1.08632272727273 9.33978936363636 -0.173988828571429 -0.588164884615385 -0.0575091999999998 -0.462268696969697 -0.1317668 -0.5958272 5.6937486 12.1465052 9.33488886666666 6.69275 -0.0800845999999998 8.02191802293578
pdb/renum/3UZA/3UZA_A_holo.pdb 3UZA 3UZA antagonist 12.8142095714286 6.22091903846154 17.3180332 -0.0916665833333334 -0.383896933333333 -0.0613935999999988 6.195355975 13.2148864 6.45570183333334 16.5402682 5.53452883333333 20.764459 -0.183623694444445 -0.285112261261261 -0.0762291923076922 -0.0144966 -0.0727515999999994 4.78716476666667 -0.26754015 6.767738325 -0.0473516571428571 -0.714135692307692 -0.0621222000000003 -0.29291175 -0.0539845999999997 -0.0546064000000015 7.0445588 7.5067804 6.96926361538462 7.310481 -0.0121066000000001 6.12280786486486
pdb/renum/3UZC/3UZC_A_holo.pdb 3UZC 3UZC antagonist 12.6979420571429 6.68874911538461 16.9997942 -0.146862875 -0.410952 -0.0518941999999996 6.2086216 13.247384 6.47092841666667 16.4894508 5.56030069444444 20.3908316 -0.226132555555556 -0.397289252252252 -0.125104269230769 -0.0164387999999999 -0.0598843999999996 4.99205193333333 -0.1947868 6.816336375 -0.0440866285714285 -1.70093930769231 -0.0489381999999997 -0.2233892 -0.0735995999999997 -0.0470352000000009 6.9651506 7.4024328 6.75524707692308 7.3905504 -0.0108160000000003 6.19719317567568
pdb/renum/3V2W/3V2W_A_holo.pdb 3V2W 3V2W antagonist 9.03804054285714 6.02651673076923 10.7623514 -0.203923391304348 -0.379773538461538 -0.0500896000000003 5.79178970967742 16.4629516 7.13705452173913 4.323406 5.40420417647059 11.9817584 -0.960288470588235 -0.66694029787234 -0.148889315789474 -0.0253385999999999 -0.0685725999999998 3.78478223076923 -0.229317580645161 5.15331079310345 -0.0652448285714285 -2.19035607692308 -0.0782005999999999 -0.389090275862069 -0.1174564 -0.0671147999999999 6.8454946 7.1188958 4.87230152631579 5.771426 -0.0499412000000002 5.44975634042553
pdb/renum/3V2Y/3V2Y_A_holo.pdb 3V2Y 3V2Y antagonist 10.3092511714286 6.32671573076923 11.410754 -0.207090652173913 -0.351384769230769 -0.0648421999999998 6.27323664516129 16.8645042 7.43425947826087 12.5753886 5.84413208823529 12.2550704 -1.02423229411765 -0.722992049751244 -0.2057876875 -0.0240119999999997 -0.0898858000000004 3.64964684615385 -0.25099570967742 5.47543272413793 -0.078571657142857 -2.74454261538461 -0.0796797999999996 -0.374973586206897 -0.1374758 -0.0945136000000002 6.8285384 7.1435516 10.46778715625 5.086951 -0.0595924 6.55373611940299
pdb/renum/3VG9/3VG9_A_holo.pdb 3VG9 3VG9 antagonist 11.5247917428571 6.04268684615385 15.0836026 -0.03842175 -0.125347466666667 -0.0158383999999995 6.04390675 14.467659 7.239011125 15.1162892 6.02074077777778 16.2208144 -0.0143378611111111 -0.223620278026906 -0.0437517037037038 -0.00393060000000016 -0.0332344000000003 4.70538446666667 -0.086429375 6.251002475 -0.0179238 -1.33959265384615 -0.0307060000000002 -0.130018325 -0.0267708000000003 -0.0117107999999998 7.1776298 6.5289178 6.56378537037037 6.0786294 -0.00327559999999956 6.08866771748879
pdb/renum/3VGA/3VGA_A_holo.pdb 3VGA 3VGA antagonist 12.752267 6.56811011538461 17.4477032 -0.0937029583333333 -0.153052133333333 -0.0384784000000003 6.150749 14.1303274 6.837401875 15.2672672 5.91145663888889 22.4274252 -0.134707861111111 -0.24006831838565 -0.070388074074074 -0.0105622000000001 -0.0506097999999994 4.67663453333333 -0.180485925 7.06391205 -0.0336641999999999 -0.934980615384615 -0.0380333999999998 -0.21039765 -0.0483835999999997 -0.0411746000000001 7.317428 6.521842 6.43339296296296 6.153876 -0.00840739999999993 6.23438580717489
pdb/renum/3VW7/3VW7_A_holo.pdb 3VW7 3VW7 antagonist 7.30858722857143 5.38783575 7.667164 -0.990686958333333 -0.0659627 -0.078947 6.65458711428572 10.1299304 5.81924966666667 8.4350124 5.37506044444445 9.3570456 -0.346118055555556 -0.587654588235294 -0.08165775 -0.0923596000000001 -0.0578016 3.9886811 -0.524314742857143 4.27255997222222 -0.0911393714285714 -1.54670264285714 -0.0167836 -0.760675222222222 -0.2686792 -0.0784400000000001 3.4986368 7.038072 4.80717671875 5.0342494 -0.0449645999999996 5.17754011312218
pdb/renum/3ZEV/3ZEV_A_holo.pdb 3ZEV 3ZEV agonist 4580.40193594286 17.9767421875 57.3636212 0 0 0 20.0234433157895 39.4984204 19.1460678076923 31807.580922 18.5981353055556 60.1324786 0 0 0 0 0 17.1489818518519 0 21.5233296857143 0 0 0 0 0 0 30.9044812 38.531056 4984.67785659375 28.8025722 0 722.25445880531
pdb/renum/3ZPQ/3ZPQ_B_holo.pdb 3ZPQ 3ZPQ antagonist 17.6084141714286 7.70163966666667 18.6019436 -0.119729538461539 -0.0421289666666667 -0.0502679999999991 7.36339867567568 13.1249404 6.95126973076923 15.628507 6.44390372222222 52.4152158 -0.31815175 -0.22595312173913 -0.0384779999999998 -0.0193243999999998 -0.0483036000000002 4.56584946666667 -0.505693621621622 12.7308138571429 -0.0352746 -0.192916083333333 -0.0178341999999999 -0.272655666666667 -0.0576168000000003 -0.0369182000000006 6.3294844 10.273806 12.9588130857143 6.885002 -0.0166569999999998 8.6748990173913
pdb/renum/3ZPR/3ZPR_B_holo.pdb 3ZPR 3ZPR antagonist 17.6237863714286 7.62195729166667 18.478461 -0.123917192307692 -0.0464946 -0.0292711999999959 7.18836335135135 13.128239 6.97374084615385 15.490915 6.57032758333333 52.7351366 -0.223039166666667 -0.2262102 -0.033805085714286 -0.0136239999999999 -0.0484406000000007 4.58180706666667 -0.665822351351351 12.8348313333333 -0.0264986857142853 -0.138799416666667 -0.0208714000000002 -0.243629999999999 -0.0285363999999994 -0.0275244000000004 6.3710142 10.2152474 12.8260873714286 6.9474914 -0.0172228000000006 8.66163330434783
pdb/renum/4A4M/4A4M_A_holo.pdb 4A4M 4A4M agonist 12.6333530285714 7.795408 14.5596806 -0.367158541666667 -0.211051566666667 -0.357660799999999 6.49499226315789 10.2531552 6.00293016666667 18.1545602 6.78917488888889 24.7545978 -0.793137027777778 -0.616040982142857 -0.23461903125 -0.0982032000000004 -0.1775286 5.0785355 -0.691459315789474 8.4589137631579 -0.161243428571428 -1.52138142307692 -0.0532614000000001 -0.551518815789474 -0.1641844 -0.217157999999999 4.6522888 7.741377 8.48680425 8.3178116 -0.0607076000000001 7.06849758035715
pdb/renum/4AMI/4AMI_A_holo.pdb 4AMI 4AMI agonist 10.6175859714286 5.83985795833333 13.1711188 -0.152722307692307 -0.173961 -0.0909723999999995 6.81386640625 11.7007876 6.277551 13.5308204 5.82152969444445 13.6472454 -0.686476666666667 -0.53617825 -0.318603457142857 -0.0244599999999998 -0.0136239999999997 3.98681056666667 -0.54296728125 5.95691948275862 -0.0649838857142856 -1.64224216666667 -0.0394028000000001 -0.407832172413793 -0.0943835999999996 -0.1014526 5.458236 11.0259736 11.5313326857143 5.78892 -0.0905918000000002 6.73086479716981
pdb/renum/4AMJ/4AMJ_B_holo.pdb 4AMJ 4AMJ inverse_agonist 17.6684182285714 7.111945625 18.5118394 -0.206991576923077 -0.187077766666667 -0.175079600000004 6.95326437837838 12.9090772 6.86239311538462 15.7756108 6.18726152777778 52.848883 -0.549217305555556 -0.487873782608696 -0.3329476 -0.0356673999999998 -0.0697557999999997 4.4738598 -0.907048297297297 12.6575967380952 -0.0793900857142862 -0.750363041666667 -0.0417801999999998 -0.433865880952381 -0.1031142 -0.0905685999999999 6.4016642 10.251389 12.6503580571429 6.980464 -0.0397647999999995 8.42486305217391
pdb/renum/4BUO/4BUO_A_holo.pdb 4BUO 4BUO agonist 7180.44211448571 21.3702884375 72.0738054 0 0 0 24.5919059473684 51.492503 25.4451231923077 49935.9466214 25.8228975555555 75.309994 0 0 0 0 0 25.7771237407407 0 25.9799562 0 0 0 0 0 0 37.781057 51.5934144 7823.34378821875 38.8974062 0 1129.0346070885
pdb/renum/4BV0/4BV0_A_holo.pdb 4BV0 4BV0 agonist 10.9889451714286 8.79716015625 9.9788608 0 0 0 5.33636274285714 23.671478 8.82501515384615 8.4443948 6.11012415151515 16.7070678 0 0 0 0 0 3.732300125 0 6.08794331428571 0 0 0 0 0 0 7.5006252 6.8751562 9.33713089655172 3.7450334 0 7.00455303883495
pdb/renum/4BVN/4BVN_A_holo.pdb 4BVN 4BVN antagonist 17.4883086285714 6.93032491666667 12.5120968 -0.224901076923077 -0.0644145 -0.0905676000000028 6.20609447058824 11.7825494 6.94225838461539 15.2996038 6.79061269444444 59.745285 -0.471070277777778 -0.295472434977578 -0.0555986562500001 -0.0344024000000001 -0.0700188000000004 4.36389406666667 -0.430228617647059 13.5420122682927 -0.0627752285714289 -0.543173958333333 -0.0209565999999999 -0.285581829268293 -0.1298048 -0.0678687999999999 6.0178198 10.6916024 10.5603686875 6.3692032 -0.0258075999999994 8.18998613452915
pdb/renum/4BWB/4BWB_A_holo.pdb 4BWB 4BWB agonist 12.7544708 8.62797140625 14.7040094 0 0 0 6.6971691875 13.8453394 6.94619338461538 5.385332 6.21037536111111 31.2597998 0 0 0 0 0 4.83421903703704 0 8.72529397297297 0 0 0 0 0 0 7.5224076 10.5483924 7.17475496153846 6.016015 0 7.10408546296296
pdb/renum/4DAJ/4DAJ_A_holo.pdb 4DAJ 4DAJ inverse_agonist 8.35356905714286 5.72652696153846 8.5967668 -0.461437433333333 -0.1296092 -0.0613635999999999 7.54889712903226 9.1211936 9.2703673 12.5934262 6.66662397222222 4.9436554 -0.330385666666667 -0.459119689320388 -0.187723066666666 -0.0265299999999998 -0.0452673999999995 4.21102026666667 -1.11949493548387 3.97414713043478 -0.0626061142857142 -0.577335730769231 -0.0647648 -0.417678652173913 -0.0756201999999998 -0.0780918000000002 5.5197204 11.9848016 10.9524145333333 5.7154194 -0.086605 7.02584185436893
pdb/renum/4DJH/4DJH_A_holo.pdb 4DJH 4DJH antagonist 10.793448 5.70861042857143 16.2766232 -0.253157961538462 -0.7993356 -0.140245400000001 8.55305021052632 8.6387828 5.70774903846154 10.9870934 5.39952975 21.6482404 -0.615682333333333 -0.655634140186916 -0.228896633333333 -0.043737 -0.1457828 5.25789133333333 -1.12881481578947 7.23547978787879 -0.0952145142857147 -0.864963238095238 -0.0738766000000001 -0.595541727272727 -0.101371600000001 -0.112770000000001 4.8516232 8.3901834 12.6146398333333 4.7615896 -0.0487182000000002 7.30200019158879
pdb/renum/4DKL/4DKL_A_holo.pdb 4DKL 4DKL antagonist 11.2475407714286 7.47719460714286 22.283188 -0.0739728076923076 -0.0912195333333334 -0.0603725999999998 9.36029916216216 8.7655066 5.7931415 11.636041 5.58985711111111 16.5551758 -0.144756833333333 -0.468257091743119 -0.1056998 -0.0165854000000001 -0.0711338000000005 4.83175126666667 -1.17711821621622 6.15325348387097 -0.0592677714285714 -1.15817735714286 -0.080756 -0.421147967741936 -0.0393615999999996 -0.1033442 6.4310778 8.1863272 5.75003456666667 4.875469 -0.0433207999999999 6.49428204587156
pdb/renum/4EA3/4EA3_A_holo.pdb 4EA3 4EA3 antagonist 13.7607274571429 9.05997603571429 18.3884748 -0.27009752 -0.440735333333333 -0.119186999999999 8.84679128947368 12.2127016 6.68132348 11.6952576 5.36228768571429 35.9815798 -0.4881794 -0.451039746666666 -0.128610677419355 -0.0479071999999999 -0.1318846 4.4885784 -0.507759868421053 9.27732913157895 -0.100334714285714 -0.642030535714285 -0.0406620000000004 -0.609592236842105 -0.1521264 -0.1717492 6.7435822 5.8487826 5.83170112903226 5.4547136 -0.0388266000000004 7.16688510222222
pdb/renum/4EIY/4EIY_A_holo.pdb 4EIY 4EIY antagonist 11.0975791142857 5.75583523076923 8.7952788 -0.0627881666666668 -0.109740266666667 -0.0297528 4.594818 13.3418812 6.42065195833333 14.0683794 5.26900669444445 20.9899068 -0.0869101944444445 -0.185340808219178 -0.0622349354838711 -0.00474660000000036 -0.0250346000000004 4.12133926666667 -0.194282342857143 6.6657012972973 -0.0196274000000002 -0.623528192307692 -0.0225624000000002 -0.208671567567567 -0.0334340000000004 -0.0144202000000003 6.5944204 8.1461866 6.89424061290323 5.7470006 -0.00744119999999988 5.65407679908676
pdb/renum/4EJ4/4EJ4_A_holo.pdb 4EJ4 4EJ4 antagonist 9.60684371428572 8.14910135714286 13.6419844 -0.292228423076923 -0.133604333333333 -0.0791594000000007 9.559959 7.4075906 5.88347426923077 12.0902164 5.42799797222222 15.0697718 -0.304407027777778 -0.411026914798207 -0.121025228571428 -0.0215175999999999 -0.0376171999999997 4.2689973 -0.480258675675676 5.78154696774194 -0.0565482000000001 -1.28562835714286 -0.0627374 -0.357781677419355 -0.0857201999999999 -0.0673702000000002 6.5426882 7.5571926 7.42509974285714 4.938462 -0.0417154000000005 6.71501320627803
pdb/renum/4GRV/4GRV_A_holo.pdb 4GRV 4GRV agonist 11.2691173142857 8.60170409375 9.8385958 0 0 0 6.23120616666667 19.161993 7.61734930769231 6.8559138 5.9355125 19.1856954 0 0 0 0 0 4.46573290322581 0 6.70589174193549 0 0 0 0 0 0 4.878325 10.6292546 6.06591082758621 8.3340436 0 6.486603
pdb/renum/4IAQ/4IAQ_A_holo.pdb 4IAQ 4IAQ agonist 10.8120312 4.5652127826087 12.9393908 -0.2265135 -0.105236766666667 -0.0871407999999995 6.209957 8.348205 5.49248158333333 12.1256192 6.27754666666667 20.685269 -0.446534 -0.375138167464115 -0.1664044375 -0.0267365999999999 -0.0377448000000003 3.95639933333333 -0.485768909090909 6.81607574193549 -0.0535060000000001 -0.799170260869565 -0.0303376000000004 -0.451580451612903 -0.0767685999999999 -0.0757604000000001 5.4627634 9.0832082 9.03746559375 7.0397628 -0.0400532000000004 6.1575547368421
pdb/renum/4IAR/4IAR_A_holo.pdb 4IAR 4IAR agonist 10.0885408571429 4.79515880769231 8.5651708 -0.161723875 -0.1315023 -0.17129 5.28092175757576 8.3867058 5.62179033333333 12.1180502 6.20254094444445 18.701679 -0.789455805555555 -0.548049585714286 -0.21820915625 -0.016229 -0.0182231999999997 3.84076803333333 -0.36196803030303 6.30877286206896 -0.0653071714285713 -1.89742365384615 -0.0386588 -0.364927896551724 -0.0716156000000002 -0.0728858000000001 6.0417202 9.912331 8.5822721875 6.894129 -0.0682477999999994 5.85699596666667
pdb/renum/4IB4/4IB4_A_holo.pdb 4IB4 4IB4 agonist 9.62427857142857 4.32900478571429 9.9683982 -0.109879115384615 -0.0724538 -0.0376747999999992 5.00389336363636 10.446378 5.39513292307692 9.1928804 6.18798744444444 17.623125 -0.571263222222222 -0.477440236111111 -0.0911401785714285 -0.0184330000000001 -0.0188357999999999 4.14466113333333 -0.381084424242424 5.99879008571429 -0.0301178857142856 -1.81272657142857 -0.0370005999999999 -0.332773971428571 -0.0480712000000002 -0.0288383999999997 5.1470592 8.4954838 6.11164832142857 6.4966254 -0.0219714000000002 5.34632064351852
pdb/renum/4JKV/4JKV_A_holo.pdb 4JKV 4JKV antagonist 8.89576802857143 3.86326154545455 15.7392706 -0.296401782608696 -0.710176333333333 -0.335971399999999 5.85062483333333 8.8093408 5.93753947826087 9.019888 5.92034297222223 12.5779302 -0.503187388888889 -1.64208601351351 -1.56731228125 -0.1406098 -0.6739828 3.543404875 -0.531549277777778 11.4136778571429 -0.337493542857143 -1.10187718181818 -0.1568964 -4.6742002244898 -0.1192622 -0.5863868 3.2101402 7.923085 7.73112275 4.9907214 -0.3493454 6.92350388738739
pdb/renum/4K5Y/4K5Y_C_holo.pdb 4K5Y 4K5Y antagonist 7.19603488571429 9.46059173076923 10.5564534 -0.108894892857143 -0.0416623076923077 -0.1845878 5.601544 6.5184756 6.56512385714286 4.932246 5.90378088235294 11.9824244 -0.14842594117647 -0.257346201030928 -0.0684899090909091 -0.0359275999999998 -0.0918107999999999 4.75906211538462 -0.434152633333333 6.56767553571429 -0.147966285714286 -0.217262576923077 -0.1380266 -0.734507857142857 -0.0698075999999999 -0.3265412 4.5564704 6.0864136 4.45954804545455 5.7397608 -0.1890624 6.20780572164948
pdb/renum/4LDE/4LDE_A_holo.pdb 4LDE 4LDE 0agonist_g 17.4202981428571 5.09830633333333 21.733286 -0.231427307692308 -0.2071515 -0.392371199999997 7.40322308823529 11.9023218 6.15995892307692 13.0649964 6.68577102777778 47.7406282 -0.994503111111111 -0.610784060747663 -0.255238935483871 -0.0606702000000001 -0.0550618000000004 4.03266176666667 -0.478876882352941 12.5113703636364 -0.138699685714285 -1.824937 -0.0362411999999999 -0.444888272727272 -0.1480162 -0.216848999999999 4.7510156 16.2655108 10.411232483871 6.4843282 -0.0616881999999993 7.62392013084112
pdb/renum/4LDL/4LDL_A_holo.pdb 4LDL 4LDL 0agonist_g 17.2829771714286 5.11190391666667 22.1382756 -0.192229576923077 -0.206349766666667 -0.3723068 7.39127732352941 11.7970306 6.16882342307692 12.7896826 6.77691533333333 46.3709812 -0.899943833333333 -0.559316355140187 -0.260659419354839 -0.0488487999999997 -0.0540698000000003 4.01114003333333 -0.332818647058823 12.2913698787879 -0.1272646 -1.85230125 -0.0418172 -0.371386484848485 -0.1245394 -0.1935432 4.834508 16.6735798 10.0877093548387 6.3767824 -0.055727000000001 7.55614897663551
pdb/renum/4LDO/4LDO_A_holo.pdb 4LDO 4LDO 0agonist_g 17.6140807714286 6.28623466666667 22.4533104 -0.127800884615385 -0.0575827 -0.149476400000002 7.51227358823529 12.2013674 6.36756957692308 12.8929764 7.30094925 47.8415648 -0.345930888888889 -0.261880271028037 -0.110944870967742 -0.0294760000000001 -0.0254985999999995 4.17401783333333 -0.283275647058823 12.6463752727273 -0.0566442000000003 -0.658314166666667 -0.0176500000000003 -0.292980575757576 -0.0827164 -0.0701848000000005 4.7837496 16.72832 10.4885513548387 6.3972768 -0.0215071999999992 7.95501835046729
pdb/renum/4MBS/4MBS_A_holo.pdb 4MBS 4MBS antagonist 7.69492154285715 8.7712755625 8.5108236 -0.231178653846154 -0.479512266666667 -0.0396790000000001 5.2668566 9.1934958 5.84932488461538 11.7781022 4.74488019444444 7.1745152 -0.234357583333333 -0.488997812227074 -0.263277735294118 -0.0375872 -0.1310178 3.9695202 -1.16704654285714 4.83313533333333 -0.065170057142857 -0.48880521875 -0.0518854 -0.491882611111111 -0.0675789999999996 -0.0993303999999995 6.0965832 6.6636884 7.33743208823529 4.4472424 -0.0291115999999999 5.80991310917031
pdb/renum/4MQS/4MQS_A_holo.pdb 4MQS 4MQS 0agonist_g 12.0110571428571 5.42273811538462 8.4724478 -0.1881302 -0.0232769666666666 -0.0802694000000002 5.41608829032258 11.3702814 7.91132076666667 12.3640928 6.49712863888889 28.3205258 -0.230278666666667 -0.154421304147465 -0.0602948387096774 -0.0199975999999998 -0.0161173999999995 4.12607283333333 -0.262326806451613 9.04162303030303 -0.0446031714285714 -0.102275384615385 -0.00973379999999988 -0.188386212121212 -0.0668172 -0.0858843999999999 5.1820938 11.0304426 9.18668787096774 7.3375158 -0.0334024000000001 6.85285369124424
pdb/renum/4N4W/4N4W_A_holo.pdb 4N4W 4N4W antagonist 10.5440056285714 4.69827586363636 24.5867232 -0.0716289615384616 -0.107871375 -0.0227974000000003 7.81987416666667 7.963134 5.827733 9.7342932 6.33478525 14.0993824 -0.209265111111111 -0.157930285714286 -0.16324840625 -0.00923599999999993 -0.0827513999999997 4.16194725 -0.119552583333333 16.2046495416667 -0.0405247714285715 -0.2451425 -0.0542479999999999 -0.176470770833333 -0.0396994000000003 -0.0591812000000004 3.3690004 8.7824698 8.9975396875 5.2730364 -0.0157599999999995 8.61643771428571
pdb/renum/4N6H/4N6H_A_holo.pdb 4N6H 4N6H antagonist 11.4343222857143 6.31516075 11.9208856 -0.142496192307692 -0.0716502 -0.0620542 7.87247202631579 8.7428422 6.23642623076923 9.833219 5.50283191666667 31.411087 -0.243315777777778 -0.334288568376068 -0.128774447368421 -0.0266496000000001 -0.1104844 4.33419776666667 -0.893948842105263 8.33685389473684 -0.0566022571428572 -0.209319785714286 -0.0478224000000001 -0.496981868421053 -0.0576457999999997 -0.0631788000000004 6.3751876 7.0113682 8.09341357894737 4.7456664 -0.0283805999999998 6.79745113675214
pdb/renum/4NC3/4NC3_A_holo.pdb 4NC3 4NC3 agonist 10.5309557714286 4.64354767857143 11.0356602 -0.113633461538462 -0.0828197 -0.0489542000000007 5.32659396969697 10.176689 5.46787407692308 9.6956138 6.35973680555555 20.1715132 -0.623586888888889 -0.520407870370371 -0.117406035714286 -0.0204844 -0.0320002000000002 4.46251866666667 -0.432629363636364 6.65384308571429 -0.037316342857143 -1.80581414285714 -0.0418784000000001 -0.468370771428571 -0.0500872000000003 -0.0372315999999998 5.6342182 9.2791648 6.73306053571429 7.7238312 -0.0305783999999999 5.70462013888889
pdb/renum/4NTJ/4NTJ_A_holo.pdb 4NTJ 4NTJ antagonist 10.9398162 9.57749121875 22.67024 -0.461100954545454 -0.0999773448275862 -0.0746549999999987 9.16428753658537 10.9829556 6.08759218181818 9.2593038 5.65116109677419 18.697534 -0.295544516129032 -0.659712864864865 -0.0710994375000001 -0.0623499999999998 -0.0547434000000001 3.95276268965517 -0.676012926829268 10.8197658 -0.0892476285714285 -1.07663365625 -0.0288213999999998 -1.70876637142857 -0.2275482 -0.151016200000001 4.3633588 5.406173 5.9161070625 5.1991482 -0.0255991999999998 7.54038683333333
pdb/renum/4O9R/4O9R_A_holo.pdb 4O9R 4O9R antagonist 11.6011503714286 5.20998459090909 23.03005 -0.113226105263158 -0.265597625 -0.358247600000001 8.0000818 12.7051052 7.51520668421052 10.7203786 7.75789180645161 19.9532966 -0.22425670967742 -1.10545676635514 -0.7070759375 -0.1754186 -0.500498599999999 5.06248245833333 -0.324362742857143 18.5865719411765 -0.263017114285714 -0.811770272727273 -0.1894714 -3.31866821568627 -0.1067326 -0.360103399999999 3.6041504 4.7219552 10.3859839375 6.4731166 -0.1506476 10.1853847242991
pdb/renum/4PHU/4PHU_A_holo.pdb 4PHU 4PHU agonist 6.44092065714285 3.93354483333333 6.865524 -0.667811173913043 -0.0467171333333332 -0.0268293999999999 4.61261402941176 7.833362 5.06576586956522 10.0552038 5.17126154285714 7.9441182 -0.567163742857143 -0.344605693396226 -0.0252676562499999 -0.0204737999999998 -0.0220105999999994 4.06574723333333 -0.855353382352942 4.15291520588235 -0.0346215714285713 -0.146257583333333 -0.00512259999999989 -0.0895218529411764 -0.122504 -0.0331934000000002 2.9429534 6.0281952 4.71177953125 3.417088 -0.0122171999999996 4.54098679716981
pdb/renum/4PXZ/4PXZ_A_holo.pdb 4PXZ 4PXZ agonist 10.2471543428571 6.1668826875 20.6364318 -0.246300076923077 -0.1255487 -0.0326390000000002 6.3492576097561 10.9330618 5.25616434615385 8.8016468 3.99223692105263 12.696838 -0.658313394736842 -0.401290889361702 -0.15503409375 -0.0237609999999999 -0.0446049999999998 3.5406803 -0.331018609756098 4.69069491666667 -0.0359073714285713 -0.7053101875 -0.00935199999999972 -0.500400194444445 -0.0645155999999996 -0.0543949999999999 5.1800298 8.6262878 5.44582653125 4.8557844 -0.0220840000000003 5.08671046382979
pdb/renum/4QIM/4QIM_A_holo.pdb 4QIM 4QIM antagonist 9.58457637142857 5.25034709090909 13.7994624 -0.835733173913043 -1.31188091666667 -1.7167754 6.48948268571429 13.6366606 7.89279691304348 10.7004956 7.09778487878788 12.9469044 -1.16862563636364 -3.21104570852018 -2.7042444375 -0.6749804 -1.764177 4.68265933333333 -1.05863022857143 20.2362866481481 -1.12858894285714 -1.39218909090909 -0.295792 -8.75139818518519 -0.5629724 -2.0109582 3.8258594 6.123023 10.08380159375 6.0596292 -0.8744672 10.2521332466368
pdb/renum/4QIN/4QIN_A_holo.pdb 4QIN 4QIN agonist 10.1570167714286 4.85924340909091 14.6520562 -0.0759382692307693 -0.197423916666667 -0.1444838 5.95938328571429 7.6419348 5.96474196153846 9.817987 7.53546316666666 14.9194694 -0.168326 -0.730950482142857 -0.4490161875 -0.0800217999999997 -0.311544399999999 4.61855345833333 -0.265780714285714 16.3080606122449 -0.140902285714286 -0.686197454545454 -0.0825987999999999 -2.28966155102041 -0.0578420000000001 -0.1662068 3.4232652 14.3837734 9.6111895625 6.2606314 -0.1436184 8.7470538125
pdb/renum/4QKX/4QKX_A_holo.pdb 4QKX 4QKX 0agonist_g 18.1166148857143 5.50399583333333 23.0441416 -0.122498153846154 -0.291935633333334 -0.2612624 7.71884855882353 12.4315744 6.46725384615384 13.1748632 7.32481283333334 49.9505518 -0.608752583333333 -0.432058182242991 -0.164017741935484 -0.0296750000000001 -0.0440405999999999 3.9747663 -0.230853823529412 13.1314527272727 -0.0885640571428571 -1.54683670833333 -0.0446483999999998 -0.258929575757576 -0.0773104 -0.1242152 4.8231658 16.9682802 10.7401021935484 6.4237272 -0.0387963999999997 7.99954537383177
pdb/renum/4RWA/4RWA_A_holo.pdb 4RWA 4RWA antagonist 12.0119832285714 7.36113575 6.8158658 0 0 0 8.17680993548387 9.8320892 6.38614023076923 10.0977322 6.25260761111111 35.2807902 0 0 0 0 0 4.51476063333333 0 9.90908227027027 0 0 0 0 0 0 6.5586634 10.424748 7.46037161111111 5.0739938 0 7.23829763392857
pdb/renum/4RWD/4RWD_A_holo.pdb 4RWD 4RWD antagonist 12.5807263428571 7.08634878571429 16.0025992 0 0 0 9.28358794736842 8.696764 6.20036057692308 10.1584902 5.76840825 33.4146982 0 0 0 0 0 4.52480096666667 0 9.36177439473684 0 0 0 0 0 0 6.6096596 8.0877996 7.737108 5.0950736 0 7.28488587931035
pdb/renum/4RWS/4RWS_A_holo.pdb 4RWS 4RWS antagonist 9.53779742857143 7.21478310714286 12.3879134 0 0 0 11.4265971764706 9.1100874 6.56333326923077 7.723504 5.88396080555556 19.1024194 0 0 0 0 0 4.32717444444444 0 10.3762419411765 0 0 0 0 0 0 4.5165076 8.5223332 6.10991117142857 5.401817 0 7.52936505454545
pdb/renum/4S0V/4S0V_A_holo.pdb 4S0V 4S0V antagonist 8.21543862857143 5.98028453571429 8.7446446 -0.466129615384615 -0.415810566666667 -0.0740162000000007 7.64324775675675 8.7988814 5.30391434615385 11.7239186 4.83797202857143 11.6029912 -0.690054371428571 -0.560962897674418 -0.229593366666667 -0.025975 -0.0816462000000001 3.52163246666667 -0.688857540540541 5.19692834482759 -0.0591469142857144 -0.766722821428571 -0.0524730000000001 -0.62129875862069 -0.0922135999999998 -0.0510641999999999 6.2045842 5.5165838 5.8756949 4.9164666 -0.0366401999999998 5.53539381860465
pdb/renum/4U14/4U14_A_holo.pdb 4U14 4U14 antagonist 11.3125478857143 5.90688261538462 7.0778636 -0.518319366666667 -0.104380266666667 -0.178762799999999 6.80479041935484 10.3749926 9.95923266666667 13.9571008 6.65053988888889 24.439722 -0.410156027777778 -0.477955558685446 -0.170612290322581 -0.0512189999999999 -0.1145106 4.2643209 -1.42897035483871 7.46039065517241 -0.104430685714285 -0.218042846153846 -0.0439198000000001 -0.451784551724138 -0.1227312 -0.1388028 5.708916 11.3445626 10.1916979032258 6.2846776 -0.0810685999999999 7.33778149295774
pdb/renum/4U15/4U15_B_holo.pdb 4U15 4U15 antagonist 9.36947225714286 5.65401057692308 7.529373 -0.6045388 -0.108381033333333 -0.1309898 6.09848035483871 11.7998728 9.63338226666667 12.8546982 6.09101 11.366834 -0.320523611111111 -0.565884647887324 -0.162128129032258 -0.0775476 -0.1247606 4.08388273333333 -2.04477580645161 5.27831737931035 -0.1178352 -0.224345461538461 -0.0355822000000001 -0.460689 -0.1771906 -0.172613 6.032392 9.6852588 9.79082103225806 6.317877 -0.1061626 6.6828081314554
pdb/renum/4U16/4U16_B_holo.pdb 4U16 4U16 antagonist 9.89835445714286 5.77566942307692 7.914491 -0.453451633333333 -0.0988268333333335 -0.121923399999999 7.44776832258065 12.9835796 10.4677179666667 13.548255 6.57691533333334 11.7231066 -0.368810416666667 -0.418461863849765 -0.174895419354839 -0.0511318000000004 -0.0623146000000004 4.53618396666667 -0.994957903225807 5.48401803448276 -0.0902553142857143 -0.364797423076923 -0.0386730000000004 -0.466781448275862 -0.1445316 -0.114509399999999 6.2570056 10.2135146 10.6587971935484 6.6485288 -0.0987034000000001 7.31170642723005
pdb/renum/4UG2/4UG2_A_holo.pdb 4UG2 4UG2 agonist 9.75938074285714 4.19010323076923 10.0638764 -0.0946150416666666 -0.2465489 -0.0800512000000005 4.61650111764706 13.8683508 6.154882625 12.9884426 4.91898002777778 14.2028892 -0.205397138888889 -0.2877664 -0.0737925555555553 -0.0129511999999999 -0.0192047999999993 3.5104909 -0.330956382352941 5.09969606060606 -0.0411405428571429 -0.767923384615385 -0.0303644000000001 -0.307833181818182 -0.0607985999999997 -0.0485532000000003 4.4351978 6.8453932 5.35560959259259 5.9115152 -0.0360604000000002 4.80433496190476
pdb/renum/4UHR/4UHR_A_holo.pdb 4UHR 4UHR agonist 12.7725395142857 4.56030130769231 19.1909156 -0.0449667916666667 -0.3047964 -0.0139955999999984 5.949500625 14.6510456 6.59265966666667 14.1751888 5.39823869444444 22.895395 -0.0795554722222222 -0.239312372197309 -0.047791 -0.00893400000000009 -0.0257893999999999 4.07544853333333 -0.0812435 6.633511725 -0.0172681714285712 -1.19599580769231 -0.0229721999999999 -0.116089475 -0.0303774000000001 -0.0138726000000002 4.8283206 7.1027602 5.9131587037037 6.5641508 -0.00493600000000019 5.63393495067264
pdb/renum/4XNV/4XNV_A_holo.pdb 4XNV 4XNV antagonist 6.96878808571429 7.0205176875 8.4243996 -0.0311610384615385 -0.112318833333333 -0.00422799999999999 4.7237086 8.864242 5.10636976923077 7.281129 4.80038744444444 7.3582834 -0.486473027777778 -0.110097004504505 -0.0666343 -0.00529300000000008 -0.0321698000000001 4.4372202 -0.016284142857143 4.45526351515151 -0.00896985714285726 -0.00474034375000015 -0.0116428 -0.00085118181818186 0.000575799999999838 -0.00436920000000036 3.822732 8.3504702 5.09654523333333 4.6802604 -0.00566200000000006 5.08379544144144
pdb/renum/4XNW/4XNW_A_holo.pdb 4XNW 4XNW antagonist 7.05356971428572 6.60863259375 8.2506686 -0.0205308461538462 -0.1359349 -0.0114042000000005 4.88012934285714 9.3556746 5.40728407692308 7.694201 5.61016194444444 7.3007792 -0.036655361111111 -0.191253581081081 -0.0714403666666666 -0.00488960000000001 -0.026075 3.9047735 -0.0285485142857143 4.34944472727273 -0.0105400285714287 -0.7491381875 -0.0106180000000001 -0.285212787878788 -0.00291619999999995 -0.0148983999999999 3.936967 8.257234 4.8165649 4.5794636 -0.00297880000000017 5.09012528828829
pdb/renum/4XT1/4XT1_A_holo.pdb 4XT1 4XT1 0agonist_g 9.50046454285714 7.11227728125 10.8197514 -0.193765291666667 -0.0295709285714286 -0.0437563999999995 6.34025463888889 11.0766808 6.13180145833333 10.8156404 4.64250684375 16.4541454 -0.0615769374999999 -0.0613304196428571 -0.0170646666666667 -0.0448800000000001 -0.0491871999999999 4.60769721428572 -0.112108222222222 6.46134605555555 -0.0581382571428571 -0.01885878125 -0.0258560000000001 -0.0287637222222221 -0.1662528 -0.0578702000000003 3.957962 7.4550476 6.92380677777778 5.9240242 -0.0191651999999998 6.08235052678571
pdb/renum/4XT3/4XT3_A_holo.pdb 4XT3 4XT3 agonist 9.517857 7.2508745625 10.77635 -0.0497905833333333 -0.00116653333333325 0.0254784000000001 6.49488366666667 11.1295688 6.27577795833333 10.127826 4.65853540625 16.9570846 0.00106337500000003 0.00320531415929206 0.00787933333333344 -0.00453960000000002 0.0065900000000001 5.4147624 0.0206044722222222 6.6259275 0.00406311428571443 0.01210225 -0.0013285999999999 0.0141015 -0.0556843999999996 0.0369430000000005 4.2524038 7.3401542 6.9621805 6.0416116 0.0209829999999999 6.27057682300885
pdb/renum/4YAY/4YAY_A_holo.pdb 4YAY 4YAY antagonist 7.201739 9.1466135625 8.4635582 -0.617822423076923 -0.248658966666667 -0.0138413999999999 8.820029 10.9484902 6.66653830769231 8.5157436 5.42512608333333 4.4986406 -0.332103166666667 -0.255557172897196 -0.0343003666666667 -0.0343039999999999 -0.0371716000000001 4.0970183 -0.128934225806452 6.55175348275862 -0.0435598 -0.33479428125 -0.0214108 -0.119688965517241 -0.1431886 -0.0313584000000001 4.6952556 8.6933846 4.92411956666667 4.5971002 -0.0236438 6.52047689252336
pdb/renum/4Z34/4Z34_A_holo.pdb 4Z34 4Z34 antagonist 8.9844728 5.92756180769231 7.0135678 -0.129715041666667 -0.132830653846154 -0.0633987999999993 5.05883907142857 11.3839514 6.17432529166667 9.796655 5.96293097222222 13.7469388 -1.14508719444444 -0.527106185365854 -0.109954066666667 -0.0166621999999999 -0.0569872000000007 3.20981346153846 -0.445917714285714 5.35319034285714 -0.052421142857143 -0.832587961538461 -0.0533098000000002 -0.652436171428571 -0.0608810000000002 -0.0613594000000003 5.968633 10.0452678 6.34240883333333 4.9362958 -0.0543496000000001 5.46196341463415
pdb/renum/4Z35/4Z35_A_holo.pdb 4Z35 4Z35 antagonist 8.7412062 5.97458030769231 6.6571734 -0.140759791666667 -0.145907461538462 -0.0664389999999994 4.94638439285714 11.7020726 6.201774 9.8589038 5.66318419444444 13.9841634 -1.18319072222222 -0.536761741463414 -0.117287 -0.0166371999999999 -0.0593229999999997 3.12429707692308 -0.433456892857143 5.33830748571429 -0.0543077142857141 -0.840541230769231 -0.0565336 -0.650285342857143 -0.0632232 -0.0594122000000002 5.9988702 8.3500054 6.38859206666667 4.6372546 -0.0585857999999998 5.39651368780488
pdb/renum/4Z36/4Z36_A_holo.pdb 4Z36 4Z36 antagonist 8.70430162857143 5.97497976923077 6.666609 -0.1346645 -0.1525135 -0.0639021999999988 4.960838 11.5418458 6.169333625 9.8955548 5.71384155555555 13.888997 -1.13451727777778 -0.517641980487805 -0.0894986 -0.0154763999999998 -0.0602744000000001 3.13729011538462 -0.419971964285715 5.31831165714286 -0.0518405142857141 -0.864661423076923 -0.0525 -0.604323285714285 -0.0572807999999997 -0.0579306000000003 5.9229734 8.315529 6.23372133333333 4.6986024 -0.0555192 5.37920649756098
pdb/renum/4ZJ8/4ZJ8_A_holo.pdb 4ZJ8 4ZJ8 inverse_agonist 8.81336057142857 7.63247042857143 10.004446 -0.459250961538462 -0.4794599 -0.0767707999999999 7.77980308333333 11.7008068 5.88044646153846 9.0005888 4.99293805555556 12.9663746 -0.72630375 -0.583099896713615 -0.3381845 -0.0271766000000003 -0.0936997999999999 3.49077273333333 -0.617040138888889 5.45017544827586 -0.0604221142857145 -0.697493642857143 -0.0627908000000002 -0.707468551724138 -0.0772938000000005 -0.0392710000000006 5.880395 7.187507 5.69758303571429 4.9534058 -0.045952 5.86258242253521
pdb/renum/4ZJC/4ZJC_A_holo.pdb 4ZJC 4ZJC inverse_agonist 8.86069185714286 6.99803528571429 10.5181804 -0.422272884615385 -0.4409522 -0.0882124000000001 7.81504261111111 9.1644928 5.33211592307692 9.6605112 5.04398716666667 14.3440828 -0.701008694444444 -0.527836126760563 -0.320477321428571 -0.0280385999999998 -0.0960299999999997 3.48275096666667 -0.441043333333333 5.73408003448276 -0.0607260571428571 -0.614613392857143 -0.0534535999999999 -0.721552448275862 -0.0697962 -0.0417262000000001 6.046301 7.2521832 5.70528321428571 5.0390916 -0.0478254000000003 5.76537020657277
pdb/renum/4ZUD/4ZUD_A_holo.pdb 4ZUD 4ZUD inverse_agonist 8.03597111428571 9.1778752 8.64626 -1.06045648 -0.460879533333333 -0.0672946000000001 9.8222701 13.4636648 7.43407072 11.5839738 5.50265342857143 5.5545062 -0.616982428571428 -0.702643172248804 -0.176444066666667 -0.0899447999999998 -0.1651684 4.23738606666667 -1.32260456666667 6.49472031034483 -0.150942914285714 -0.825602333333334 -0.0824788 -0.523472793103448 -0.3978556 -0.1867186 3.6536686 8.0833134 5.4466817 5.266411 -0.0671395999999998 6.82927233971292
pdb/renum/5A8E/5A8E_A_holo.pdb 5A8E 5A8E inverse_agonist 17.3082591142857 5.92314970833333 12.2757658 -0.215962269230769 -0.0921283333333334 -0.110580199999998 6.10576273529412 11.8008812 6.96601188461539 15.1088182 6.03218405555556 59.6590912 -0.983055944444444 -0.504343179372197 -0.1501323125 -0.0279774 -0.0549316000000001 4.27689613333333 -0.455818058823529 13.2939957560976 -0.0638137428571425 -1.27207416666667 -0.0383301999999997 -0.43580043902439 -0.1168322 -0.0528733999999996 5.7148158 10.3988636 10.40405159375 6.199578 -0.0451712000000001 7.86689157847534
pdb/renum/5C1M/5C1M_A_holo.pdb 5C1M 5C1M antagonist 12.3156842285714 5.900824 10.5021618 -0.2175525 -0.435449333333333 -0.201190200000001 7.35819555263158 10.664165 6.33110388461538 11.8603438 5.6936415 32.5569354 -0.520125611111111 -0.483193578947368 -0.1821993125 -0.0560347999999999 -0.0610646000000004 4.82172206666667 -0.707184342105263 9.74065021052632 -0.0810308571428574 -0.514937107142857 -0.0345405999999999 -0.673740710526316 -0.1106066 -0.0780748000000003 4.3480888 9.3647428 6.53233484375 6.913352 -0.0257044000000001 6.74669027631579
pdb/renum/5CXV/5CXV_A_holo.pdb 5CXV 5CXV antagonist 13.5186912285714 6.03602607692308 17.47613 -0.518530033333333 -0.0922812 -0.173977999999999 8.1632896969697 11.6170214 9.97746623333333 13.90091 6.62098127777778 25.0432316 -0.326454361111111 -0.381062759090909 -0.14508871875 -0.0763472000000002 -0.065592599999999 4.37653716666667 -0.783705272727273 8.03534396969697 -0.100335028571428 -0.371398769230769 -0.0378947999999999 -0.411988848484848 -0.150741199999999 -0.122651199999999 7.0828566 11.436309 9.70659275 8.07438 -0.0751402000000004 7.59580902272727
pdb/renum/5DSG/5DSG_B_holo.pdb 5DSG 5DSG antagonist 10.9022823428571 5.96880265384615 15.9369276 -0.6310075 -0.0907405999999999 -0.0762325999999995 7.41567975757576 11.2257646 9.95519183333333 10.2574296 6.53105225 15.6723826 -0.422730388888889 -0.423234509009009 -0.18064694117647 -0.0769535999999998 -0.1347388 4.15595483333333 -0.998358515151515 6.12576790909091 -0.1332396 -0.232751307692308 -0.0342512000000002 -0.362059484848485 -0.2524244 -0.2974818 5.9129894 10.3245146 11.7329603823529 6.985968 -0.0605947999999998 7.474908
